t	pi	freq
303	0	0
606	0.000286626	0.000143333
909	5.99982e-05	3e-05
1212	7.33306e-05	3.66667e-05
1515	7.99968e-05	4e-05
1818	1.99998e-05	1e-05
2121	2.66663e-05	1.33333e-05
2424	5.99982e-05	3e-05
2727	0	0
3030	3.33328e-05	1.66667e-05
3333	6.66664e-06	3.33333e-06
3636	0.000193315	9.66667e-05
3939	3.99992e-05	2e-05
4242	4.66656e-05	2.33333e-05
4545	0.000366599	0.000183333
4848	6.66664e-06	3.33333e-06
5151	3.33328e-05	1.66667e-05
5454	6.66664e-06	3.33333e-06
5757	9.3329e-05	4.66667e-05
6060	6.66664e-06	3.33333e-06
6363	0.000493212	0.000246667
6666	6.66664e-06	3.33333e-06
6969	0.000279961	0.00014
7272	0.000299955	0.00015
7575	1.33332e-05	6.66667e-06
7878	6.66664e-06	3.33333e-06
8181	0	0
8484	6.66664e-06	3.33333e-06
8787	0	0
9090	0.000239971	0.00012
9393	0.00039992	0.0002
9696	6.66664e-06	3.33333e-06
9999	9.3329e-05	4.66667e-05
10302	1.33332e-05	6.66667e-06
10605	0.00105944	0.00053
10908	0.000119993	6e-05
11211	8.66629e-05	4.33333e-05
11514	6.66644e-05	3.33333e-05
11817	1.99998e-05	1e-05
12120	0.000259966	0.00013
12423	1.33332e-05	6.66667e-06
12726	1.33332e-05	6.66667e-06
13029	7.99968e-05	4e-05
13332	0	0
13635	2.66663e-05	1.33333e-05
13938	6.66644e-05	3.33333e-05
14241	0	0
14544	0.000319949	0.00016
14847	0	0
15150	0	0
15453	3.33328e-05	1.66667e-05
15756	0	0
16059	0.000146656	7.33333e-05
16362	1.99998e-05	1e-05
16665	2.66663e-05	1.33333e-05
16968	0.000146656	7.33333e-05
17271	3.33328e-05	1.66667e-05
17574	6.66664e-06	3.33333e-06
17877	6.66664e-06	3.33333e-06
18180	8.66629e-05	4.33333e-05
18483	0	0
18786	6.66664e-06	3.33333e-06
19089	2.66663e-05	1.33333e-05
19392	0.000146656	7.33333e-05
19695	0.000119993	6e-05
19998	5.99982e-05	3e-05
20301	0	0
20604	9.3329e-05	4.66667e-05
20907	2.66663e-05	1.33333e-05
21210	7.33306e-05	3.66667e-05
21513	8.66629e-05	4.33333e-05
21816	7.33306e-05	3.66667e-05
22119	5.99982e-05	3e-05
22422	6.66664e-06	3.33333e-06
22725	9.3329e-05	4.66667e-05
23028	3.33328e-05	1.66667e-05
23331	6.66664e-06	3.33333e-06
23634	0.000153322	7.66667e-05
23937	4.66656e-05	2.33333e-05
24240	7.99968e-05	4e-05
24543	0	0
24846	0.000406584	0.000203333
25149	6.66664e-06	3.33333e-06
25452	8.66629e-05	4.33333e-05
25755	3.33328e-05	1.66667e-05
26058	0	0
26361	0	0
26664	0.000106661	5.33333e-05
26967	3.33328e-05	1.66667e-05
27270	1.99998e-05	1e-05
27573	1.99998e-05	1e-05
27876	2.66663e-05	1.33333e-05
28179	6.66644e-05	3.33333e-05
28482	3.33328e-05	1.66667e-05
28785	0.000119993	6e-05
29088	5.33319e-05	2.66667e-05
29391	0.000206645	0.000103333
29694	6.66664e-06	3.33333e-06
29997	6.66644e-05	3.33333e-05
30300	0.000346607	0.000173333
30603	6.66664e-06	3.33333e-06
30906	1.33332e-05	6.66667e-06
31209	1.33332e-05	6.66667e-06
31512	0	0
31815	0	0
32118	7.99968e-05	4e-05
32421	0	0
32724	9.9995e-05	5e-05
33027	0	0
33330	6.66664e-06	3.33333e-06
33633	6.66664e-06	3.33333e-06
33936	0	0
34239	0.000166653	8.33333e-05
34542	0.000166653	8.33333e-05
34845	6.66664e-06	3.33333e-06
35148	0	0
35451	6.66664e-06	3.33333e-06
35754	0	0
36057	5.33319e-05	2.66667e-05
36360	0.00013999	7e-05
36663	3.33328e-05	1.66667e-05
36966	7.99968e-05	4e-05
37269	0.00029329	0.000146667
37572	0.000153322	7.66667e-05
37875	5.99982e-05	3e-05
38178	3.33328e-05	1.66667e-05
38481	0.000159987	8e-05
38784	0	0
39087	0.000206645	0.000103333
39390	1.99998e-05	1e-05
39693	5.99982e-05	3e-05
39996	0	0
40299	5.33319e-05	2.66667e-05
40602	0	0
40905	1.99998e-05	1e-05
41208	0.000226641	0.000113333
41511	6.66664e-06	3.33333e-06
41814	8.66629e-05	4.33333e-05
42117	0.000159987	8e-05
42420	0	0
42723	1.33332e-05	6.66667e-06
43026	4.66656e-05	2.33333e-05
43329	0.000213311	0.000106667
43632	5.99982e-05	3e-05
43935	5.33319e-05	2.66667e-05
44238	0	0
44541	1.99998e-05	1e-05
44844	2.66663e-05	1.33333e-05
45147	0	0
45450	0.000166653	8.33333e-05
45753	0	0
46056	0.000133324	6.66667e-05
46359	0	0
46662	5.33319e-05	2.66667e-05
46965	0.000906256	0.000453333
47268	5.33319e-05	2.66667e-05
47571	7.99968e-05	4e-05
47874	0.000166653	8.33333e-05
48177	0	0
48480	0.000439903	0.00022
48783	0.000179984	9e-05
49086	3.33328e-05	1.66667e-05
49389	6.66664e-06	3.33333e-06
49692	0.00030662	0.000153333
49995	0	0
50298	0	0
50601	6.66664e-06	3.33333e-06
50904	6.66664e-06	3.33333e-06
51207	0.000113327	5.66667e-05
51510	0.000146656	7.33333e-05
51813	0.000119993	6e-05
52116	0.000319949	0.00016
52419	2.66663e-05	1.33333e-05
52722	3.33328e-05	1.66667e-05
53025	0	0
53328	0.000126659	6.33333e-05
53631	3.99992e-05	2e-05
53934	0.000186649	9.33333e-05
54237	0.000239971	0.00012
54540	3.99992e-05	2e-05
54843	3.33328e-05	1.66667e-05
55146	1.99998e-05	1e-05
55449	0.000253301	0.000126667
55752	1.33332e-05	6.66667e-06
56055	0.000166653	8.33333e-05
56358	0.000146656	7.33333e-05
56661	5.99982e-05	3e-05
56964	0	0
57267	0.000386592	0.000193333
57570	0	0
57873	0.000119993	6e-05
58176	0.000233306	0.000116667
58479	0	0
58782	3.33328e-05	1.66667e-05
59085	0.000173318	8.66667e-05
59388	0	0
59691	1.33332e-05	6.66667e-06
59994	9.9995e-05	5e-05
60297	6.66664e-06	3.33333e-06
60600	1.33332e-05	6.66667e-06
60903	6.66664e-06	3.33333e-06
