t	pi	freq
343	0	0
686	8.66629e-05	4.33333e-05
1029	0.000106661	5.33333e-05
1372	7.33306e-05	3.66667e-05
1715	7.33306e-05	3.66667e-05
2058	0	0
2401	8.66629e-05	4.33333e-05
2744	3.33328e-05	1.66667e-05
3087	0	0
3430	6.66664e-06	3.33333e-06
3773	6.66664e-06	3.33333e-06
4116	0.000126659	6.33333e-05
4459	3.33328e-05	1.66667e-05
4802	0.00030662	0.000153333
5145	0	0
5488	0.000393256	0.000196667
5831	4.66656e-05	2.33333e-05
6174	6.66664e-06	3.33333e-06
6517	6.66664e-06	3.33333e-06
6860	0.000366599	0.000183333
7203	3.99992e-05	2e-05
7546	1.33332e-05	6.66667e-06
7889	0.000133324	6.66667e-05
8232	0.000166653	8.33333e-05
8575	0.000633133	0.000316667
8918	9.9995e-05	5e-05
9261	5.33319e-05	2.66667e-05
9604	4.66656e-05	2.33333e-05
9947	0.00039992	0.0002
10290	5.99982e-05	3e-05
10633	1.33332e-05	6.66667e-06
10976	0.00079968	0.0004
11319	0	0
11662	0	0
12005	3.33328e-05	1.66667e-05
12348	4.66656e-05	2.33333e-05
12691	0	0
13034	1.99998e-05	1e-05
13377	0.00013999	7e-05
13720	0	0
14063	3.33328e-05	1.66667e-05
14406	1.99998e-05	1e-05
14749	3.33328e-05	1.66667e-05
15092	0.000239971	0.00012
15435	0.000113327	5.66667e-05
15778	2.66663e-05	1.33333e-05
16121	0	0
16464	6.66664e-06	3.33333e-06
16807	0	0
17150	1.33332e-05	6.66667e-06
17493	0	0
17836	4.66656e-05	2.33333e-05
18179	0.00013999	7e-05
18522	0	0
18865	0	0
19208	0.000493212	0.000246667
19551	2.66663e-05	1.33333e-05
19894	0.000313284	0.000156667
20237	3.99992e-05	2e-05
20580	0.000153322	7.66667e-05
20923	0	0
21266	0.000126659	6.33333e-05
21609	0	0
21952	0	0
22295	3.33328e-05	1.66667e-05
22638	0.000239971	0.00012
22981	7.33306e-05	3.66667e-05
23324	6.66664e-06	3.33333e-06
23667	2.66663e-05	1.33333e-05
24010	0	0
24353	6.66664e-06	3.33333e-06
24696	1.33332e-05	6.66667e-06
25039	8.66629e-05	4.33333e-05
25382	0	0
25725	7.33306e-05	3.66667e-05
26068	0.000266631	0.000133333
26411	1.99998e-05	1e-05
26754	1.33332e-05	6.66667e-06
27097	0.000159987	8e-05
27440	4.66656e-05	2.33333e-05
27783	0	0
28126	0	0
28469	6.66664e-06	3.33333e-06
28812	6.66664e-06	3.33333e-06
29155	0	0
29498	0.000119993	6e-05
29841	0	0
30184	3.99992e-05	2e-05
30527	1.99998e-05	1e-05
30870	7.33306e-05	3.66667e-05
31213	0	0
31556	4.66656e-05	2.33333e-05
31899	0.000133324	6.66667e-05
32242	9.9995e-05	5e-05
32585	0	0
32928	3.99992e-05	2e-05
33271	4.66656e-05	2.33333e-05
33614	4.66656e-05	2.33333e-05
33957	0.000299955	0.00015
34300	5.33319e-05	2.66667e-05
34643	5.33319e-05	2.66667e-05
34986	0.000119993	6e-05
35329	4.66656e-05	2.33333e-05
35672	0	0
36015	0.000233306	0.000116667
36358	2.66663e-05	1.33333e-05
36701	5.33319e-05	2.66667e-05
37044	0	0
37387	7.33306e-05	3.66667e-05
37730	0.000239971	0.00012
38073	6.66664e-06	3.33333e-06
38416	0.000453231	0.000226667
38759	2.66663e-05	1.33333e-05
39102	6.66664e-06	3.33333e-06
39445	0.000186649	9.33333e-05
39788	1.33332e-05	6.66667e-06
40131	3.33328e-05	1.66667e-05
40474	0.000193315	9.66667e-05
40817	4.66656e-05	2.33333e-05
41160	4.66656e-05	2.33333e-05
41503	0.000133324	6.66667e-05
41846	0	0
42189	0	0
42532	9.9995e-05	5e-05
42875	3.99992e-05	2e-05
43218	0.000193315	9.66667e-05
43561	6.66644e-05	3.33333e-05
43904	0.000233306	0.000116667
44247	3.99992e-05	2e-05
44590	0	0
44933	0	0
45276	0	0
45619	0	0
45962	5.33319e-05	2.66667e-05
46305	1.33332e-05	6.66667e-06
46648	0.000266631	0.000133333
46991	8.66629e-05	4.33333e-05
47334	0.000446567	0.000223333
47677	0	0
48020	0.00039992	0.0002
48363	5.99982e-05	3e-05
48706	0	0
49049	5.33319e-05	2.66667e-05
49392	6.66664e-06	3.33333e-06
49735	0.000166653	8.33333e-05
50078	0.000579832	0.00029
50421	3.33328e-05	1.66667e-05
50764	1.99998e-05	1e-05
51107	0.00013999	7e-05
51450	0.000219976	0.00011
51793	7.33306e-05	3.66667e-05
52136	0.000119993	6e-05
52479	9.9995e-05	5e-05
52822	0	0
53165	3.99992e-05	2e-05
53508	1.33332e-05	6.66667e-06
53851	2.66663e-05	1.33333e-05
54194	0.000133324	6.66667e-05
54537	9.3329e-05	4.66667e-05
54880	0.000173318	8.66667e-05
55223	1.99998e-05	1e-05
55566	0.000106661	5.33333e-05
55909	0.000473221	0.000236667
56252	2.66663e-05	1.33333e-05
56595	0.000273296	0.000136667
56938	0.000113327	5.66667e-05
57281	0	0
57624	0.000159987	8e-05
57967	0.000126659	6.33333e-05
58310	6.66664e-06	3.33333e-06
58653	0.000353271	0.000176667
58996	0.000259966	0.00013
59339	6.66664e-06	3.33333e-06
59682	0.000406584	0.000203333
60025	6.66644e-05	3.33333e-05
60368	7.99968e-05	4e-05
60711	9.9995e-05	5e-05
61054	0	0
61397	0.000246636	0.000123333
61740	0	0
62083	0	0
62426	0.000259966	0.00013
62769	8.66629e-05	4.33333e-05
63112	0.000319949	0.00016
63455	1.99998e-05	1e-05
63798	5.33319e-05	2.66667e-05
64141	1.33332e-05	6.66667e-06
64484	5.33319e-05	2.66667e-05
64827	0	0
65170	1.33332e-05	6.66667e-06
65513	1.99998e-05	1e-05
65856	0.000279961	0.00014
66199	6.66664e-06	3.33333e-06
66542	6.66664e-06	3.33333e-06
66885	0.00079968	0.0004
67228	4.66656e-05	2.33333e-05
67571	0	0
67914	0.000166653	8.33333e-05
68257	2.66663e-05	1.33333e-05
68600	2.66663e-05	1.33333e-05
